$ANSIBLE_VAULT;1.1;AES256
64333532653665376466653734393633323766383430336535623239376231303366383731366434
3566313133623862636333313335626130323938646361640a646532636235306634373066656331
65313564633661373662346236313638643130356165383462363039303736633434346566326264
3765323632393961620a616538316137366136383832313739656363393437646139346365303866
37613835643535666133623432383666663664376535626434666633623732396135363731653234
66636561313333663432373666333363323033363234336631623263656337353337353866633138
35386266373136626330333239663033336165303735626637326232333061646235333737353166
62313961653036626466313236383532643333383039363663626362646464643763653565616265
65633730663339303330643064343337363231333835366534306264626236643632396666333531
32363734646339663261343062653737353866633539383338653431373064666235343066336439
30363237316336363832323031386331396437306664323762643061633832373532396635613665
38613030306534336366366538373636353262343637363137333334303963303531623930303163
35656466396562303132613466333131326438383434333865613337376264363539623936366539
34353463656164383739613866366639623964613330363061663933383537633734326134303835
633231323662396239643039643861353231
