$ANSIBLE_VAULT;1.1;AES256
35333435663465653434383532386331376166323833333233366337303937333330346464623639
6430356131653435303065636463383535353562393138340a363931663133663235646665663032
65633233626364643730303666376230323465663836663132613962383032336534323737373035
6565333534313438620a343135616365323238376461656332316264333663313265386633366332
31643832323961393061613635646332383136616332353639643234336537396462336263333430
32646365663962643862323334323931323965396337633165363666663034646466646435343130
64366561626335626339386338333462313239336234623161373464653734313638383036306537
36376237663931613635383264306462663565313732323463326438626638393062626163336639
39346166386532616535366163643435623436626534666137613135616566646135316630626164
34326431666131633164306230363539353534633733643262363833663234346539313037653937
30313564346234316465373134343739656563326266386462653833306638353766363436343437
65313439306237323939306135336337346166623661383439316235333163643265646239363965
36613461616537643835613930313661363866336665646135643034656330643139306336663338
32633664346361656433333930303333383363373231616134636638303032656262313438396130
33663665383161356630346465376536373036373533353430666234313338363162616639326335
31346439633035323730333938376535326461343437646465666435303234313932316562326562
31363864323062623662343639363432613164393466643437663337326133396664333365323133
64343437623964653830306234623034653062643530333833306164316631613163393463346131
37653665356539363531336434623632633037313331326462353562643961623834376264306362
62666363623962353262373834316662396638663465663139363437616565623166396265393935
39383963626439643632393333653061636364383632626563633862326666316337646662323061
3564643235326631623364646338313133663631366531353463
