$ANSIBLE_VAULT;1.1;AES256
65393964336232373835383636623262393232373739313266316531643031363664303235643162
3933356261623332666135323331323665303661303536650a316131336436633565626339653163
31633734313939663530326566656461336338653232376562646533343364313338303039316561
6531336630376235320a616134393537353263346563343566396538326533323563353631396230
65353534303334383134653061633965633638353434326362626439633761336161653562336332
64383330616366633034373133356434646230613432613861613261656334666239636434396238
38636561393134313765356633346339643631393931323932346435613933363230656136323163
37663164336164376538303961343130383739663262393233613165326662363338366635393235
35373465346232363865643763373332643566373331333365663837623033656663633064336464
31326236393836626665353261353962363064326662623535346161316263623139316366653664
36613565613966663838666639363835363931653630663935316530396166656431633464346363
36613532306430656564356537613834646366376665386435373332366138633536393734316138
39343032636164376664386135353339383762326165633066323639303962306161323931653636
64663939616166626134613631653766366431306665643432613435346232393839393435383635
37663861646261323634323233643537376562363736613331386132616338623533306630303832
38633436343137373135366637303136616663663033363164393930633561613039646566643038
33663063303533333336346461666232666531343162323336646662613161623438346237636334
35373166613938356666656530376562326239313163666634313763306635363832316262313662
64366263653036646636393666366666306432663237316331636532646234333766313836356133
39373966343264306365343337386266343438376165356139373636343866656634343364663366
33393531343762303136613035393130646430356230373738383166646334313031616339386431
38306566356439633764353538313536663132633631353462616132356362663830633132376531
64396332376637343561656435363839366665643431626431396532346363343433303466303433
32363836383233663163
