$ANSIBLE_VAULT;1.1;AES256
66653937653262393435333838386166626266353235656231396364363639633133646637386233
3465643431316366326633306331306261373931313861630a646232343063333336316236333362
66303331353631386130333230636662666166333034376334623065653561316362313265353038
3438376161373437620a323764333435366364366138323139636165623539343061643333343230
32316137323234333238396163363564336463666533616138376664623335643266636266363463
32663362393363316337373634663764366638653761333565623336313262396263376430616430
30373634633233623266323638303037626465633564393432393066396661663236626462356565
64626233333435623039386335313763303733656238343831303466383763353338303730636465
38656265613339626437333031623132616533366232656438376432383938343333633066643334
66356636383830313131656634616338363261613462356635366663386631316137353034376365
35333964613664623732343339633364303332393762306333356166353164376332366337363165
31333364336263633466386636383762623033336430336565656464383136306136356161656534
62623065383631656338383734613062663266633331656561343338366162653234653163336564
38376139396539383939333832313563346438316663376561633337383533643131623564333561
34663931363233333536646639626434373565636535316132303632663932346135376139653162
36313535383638343965306532393836343938303635666566653261643438343934363062626135
63333136666464396436306365316430633131393931656331356635613439336332653465633765
39343636396132363939316530353464626530646561663530303839633761656162376533663436
38643238363162393662633530383364633235636339313032386234303366616438313330363764
63313635363266376333323738363864323835303764306638386330316438303466393933366163
31313335303463636435386333366561633532653138623036613861333031653734613335626332
62623661306231386633396139623465386563626665623564363830326363363338326135636438
32393361633062666565373535656462336162373165373030386664343439643134343563343262
34303732643131306562343162306236393963313335613830346563646463303238363337623930
33343064363734393965643965386239376139313938656535663837653565363534343132656266
37366235393965333839333362396633663930636435313663396134323635363134613133633939
38333938623538336532663862383938663437346466366664323361323661363733386262326239
62666136373538623964336630613938383436356466633638346538616235333863303465313333
66623732316636336630386662363564316565653539633531663163653562366366366432643266
65353765353834303135646162376330343632613830313964643130306535356139353061653136
65633331306532356335373239613132643737306237383632623034346635373036326433346431
64323233353131336565346136373963386561643064303137633165363432343537646431383135
64633066376139393431323765643366336264373031383339633636623437373362333034646463
64623765333166376361306537376134396134343463353234656532386136316563356236316330
34363930306331346234616239623537333431353732663235646330383865356264353465613566
66646461343038626339346531616162626464346364343661353538616334343639623937383263
37343738663863333239323434356161333930303337373839653831346661306632386666636335
6534396464666662353161353165653065646265353433343862
